53,4
0,300
0,299
0,298
0,297
0,296
0,295
0,294
0,293
0,292
0,291
0,290
0,289
0,288
0,287
0,286
0,285
0,284
0,283
0,282
0,281
0,280
0,279
0,278
0,277
0,267
0,266
0,265
0,264
0,263
0,262
0,260
0,258
0,257
0,256
0,255
0,254
0,253
0,252
0,251
0,250
0,249
0,248
0,247
0,246
0,245
0,244
0,242
0,241
0,240
0,239
0,238
0,237
0,236
0,235
0,234
0,233
0,232
0,231
0,230
0,229
0,228
0,227
0,226
0,225
0,224
0,223
0,222
0,221
0,220
0,219
0,218
0,217
0,216
0,215
0,214
0,213
0,212
0,211
0,210
0,209
0,208
0,207
0,206
0,205
0,204
0,203
0,202
0,201
0,200
0,199
0,198
0,197
0,196
0,195
0,194
0,193
0,192
0,63
0,62
0,61
0,60
0,59
0,58
0,57
0,56
0,55
0,54
0,53
0,52
0,51
0,50
0,49
0,48
0,47
0,46
0,45
0,6
51,4
49,4
48,4
0,276
0,397
0,275
0,396
0,274
0,426
0,273
0,395
0,272
0,394
0,271
0,393
0,270
0,392
47,2
0,269
0,391
15,3
0,268
47,6
47,5
47,4
54,4
53,6
52,4
51,5
50,4
49,5
48,5
0,425
17,1
17,3
0,261
0,387
6,4
12,1
12,3
47,3
2,1
2,4
2,3
1,1
1,3
11,1
11,3
5,3
0,259
0,385
19,3
16,1
16,3
9,1
9,3
10,1
10,3
0,330
54,3
54,2
54,1
54,0
53,5
53,3
53,2
53,1
53,0
52,3
52,2
52,1
52,0
51,3
51,2
51,1
51,0
50,3
50,2
50,1
50,0
49,3
49,2
49,1
49,0
0,434
0,433
0,432
0,305
0,302
48,3
48,2
0,431
48,1
48,0
0,430
0,429
0,428
0,427
47,1
47,0
0,424
0,423
46,4
46,3
46,2
46,1
46,0
0,422
0,421
0,420
0,419
45,6
45,5
45,4
45,3
45,2
45,1
45,0
0,418
0,417
0,416
0,415
44,4
44,3
44,2
0,414
44,1
44,0
0,413
0,0
43,5
43,4
